100
-605998 580103 582042 768321
-846877 715249 -331011 851826
-412394 848820 -340190 603853
-113158 429352 -991413 333888
11257 611053 -603359 51006
-955828 903866 -213338 647031
-23658 -23446 -122785 -54391
170112 207686 -808175 414219
-559596 -517939 -961339 -746193
-810697 -641754 -781052 -358335
204489 608314 28622 338500
-581555 -62739 -620751 165290
-944041 56930 -312270 -296931
-189872 492749 -439990 -20431
-645882 595132 58944 777751
280488 568065 -548247 10011
809011 993439 -992423 902208
-355336 204510 -577670 -68861
-249296 46781 52228 418868
816293 903795 -238194 342781
-556223 395053 555866 620774
-75314 12511 256932 576727
-965534 -675711 -444437 188970
-696734 -260110 440475 559630
-186041 185049 -814190 -382537
616089 840134 379447 799685
-81239 518674 -224855 571806
-344888 518292 -249113 220193
-894235 -392343 -731077 616042
-821106 232419 -757507 144263
-706657 -553070 -815400 -396748
-967595 -442815 -684721 5449
-435787 590190 -973534 -339036
-322045 78284 245408 362820
245088 948781 461219 674375
-637543 -53363 -827043 -440532
145074 651862 -940982 709466
-969778 584413 -492174 576018
118001 336920 -727835 -391814
-370042 783949 -803247 -565486
-519969 934352 -456970 893879
572991 617628 -168905 197871
119083 757549 735925 938835
-658465 -206247 -436250 438842
-609753 -324960 -954513 23686
-123437 733603 455940 902618
-765280 748326 -943075 981834
-656454 668599 10334 186702